25
120	180	1500	1
215	180	1180	2	
480	180	1440	3
760	180	1180	4
1030	180	1500	5
920	510	690	6
895	845	1180	7
920	1235	1500	8
610	1425	1500	9
340	180	690	10
340	850	1025	11
230	1170	1500	12
345	1240	1305	13
430	1390	1500	14
630	180	410	15
555	405	525	16
615	510	690	17
630	850	1025	18
795	1235	1410	19
750	1390	1500	20
880	290	430	21
860	410	525	22
925	395	525	23
815	675	860	24
603	455	525	25

38
190	115	1035	1
405	210	765	2
680	210	1035	3
520	470	1035	4
852	210	900	5
1023	210	900	6
1178	210	1035	7
1245	215	930	8
1430	470	615	9
320	115	220	10
425	115	220	11
660	115	220	12
845	115	220	13
960	115	220	14
1080	115	220	15
1175	115	220	16
270	210	345	17
330	210	500	18
460	210	500	19
530	210	500	20
570	210	500	21
625	210	500	22
935	210	500	23
1300	225	500	24
1395	225	500	25
285	470	645	26
320	615	765	27
1300	470	805	28
1400	470	805	29
300	750	1035	30
420	750	930	31
400	870	1035	32
870	885	1035	33
910	885	1035	34
1240	915	1035	35
1360	915	1035	36
1490	115	1035	37
456	550	605	38

88	

1	科技大厦   		1
	0	2	0	265
2	留学生公寓		1
	0	2	0	370
3	学13公寓			1
	0	2	0	500
4	鸿通楼			1
	1	12	1	170
5	邮局（ATM）		1
	0	2	0	770
6	动感营业厅		1
	0	2	0	890	
7	停车坪			1
	1	14	1	170
8	车库			1
	0	2	0	1140
9	学十一公寓		1
	1	17	0	315	
10	学九公寓			1
	1	18	0	270
11	教九			1
	0	10	0	300
12	留学生公寓		1
	1	2	0	270
13	学五公寓			1
	1	19	0	285
14	学三公寓			1
	1	20	1	285
15	学一公寓			1
	1	3	0	285
16	教四楼			3
	0	2	1	775
	1	5	0	345
	0	3	0	775
17	校训石（主席像）		1
	1	23	0	380
18	教三楼			3
	0	2	1	1100
	1	6	1	350
	0	3	0	1100
19	校医院			1
	1	8	0	430
20	供销社			1
	1	8	1	265
21	学林书店			1
	1	8	1	315
22	新学生公寓（在建）		1
	0	3	0	270
23	新食堂（在建）		1
	0	3	0	360
24	学八公寓			1
	1	19	0	400
25	学四公寓			1
	1	20	1	400
26	学二公寓			1
	1	3	0	400
27	校医院胃肠科		1
	0	3	0	1280
28	商店（超市；实验室）	1
	0	3	0	1345
29	热力中心			1
	0	3	1	250
30	学生活动中心		1
	0	3	1	335
31	就业指导中心		1
	1	2	0	570
32	学苑超市			1
	0	16	1	440
33	报亭			1
	1	4	0	580
34	小松林			1
	0	3	1	555
35	时光广场			1
	0	3	1	650
36	财务处（后勤楼）		1
	0	3	1	720
37	教一楼			2
	0	3	1	800
	1	5	0	625
38	国旗		1
	0	3	1	940
39	音乐喷泉			1
	0	18	0	940
40	教二楼			2
	0	3	1	1095
	1	6	1	630
41	中门邮局（中门）		1
	0	3	1	1215
42	全民健身1			1
	0	8	0	660	
43	火车票订票处		1
	0	9	0	1460	
44	学六公寓			1
	0	4	0	260
45	澡堂			1
	1	2	0	650
46	水房			1
	1	2	0	685
47	锅炉房			1
	1	2	0	725
48	学苑居			2
	1	2	1	635	
	1	2	1	670
49	宽广电信			1
	0	25	1	475
50	水果店（图片社）		1
	0	2	1	710
51	学苑餐厅			2
	0	4	0	440
	0	4	0	460
52	学苑书屋			1
	1	4	0	710
53	图书馆			1
	0	17	1	605
54	行政楼（小白楼）		1
	0	3	1	635
55	主楼			1
	0	18	1	935
56	明光桥东车站		1
	1	37	0	720
57	青年教师公寓		1
	1	30	0	945
58	北邮科技园（在建）		1
	0	4	1	370
59	学生食堂			2
	0	4	1	465
	1	4	0	800
60	基建处保卫处		1
	1	4	0	960
61	篮球场			2
	0	4	1	600
	1	3	0	855
62	排球场			1
	1	3	0	855
63	学29公寓			1
	0	6	1	630		
64	体育馆			2
	0	24	1	775
	1	3	1	865
65	游泳馆			1
	1	3	1	960
66	科学会堂			2
	1	5	1	830
	1	6	0	790
67	网络中心（辅导员基地）	1
	1	7	0	830
68	运动场			1
	1	34	1	960
69	北邮幼儿园		1
	0	8	0	1330
70	明光中学			1
	0	8	0	1435
71	明光楼			1
	0	8	1	1420	
72	宜食家			1
	0	10	0	370
73	全民健身2			1
	0	7	1	890
74	家属区1			1
	0	12	0	1315
75	家属区2			1
	1	24	1	325	
76	家属区3			1
	0	14	0	1435
77	家属区4			1
	1	9	1	485
78	家属区5			1
	0	3	1	1350
79	家属区6			1
	1	29	1	690
80	家属区7			1
	1	30	0	870
81	家属区8			1
	0	21	1	885
82	家属区9			1
	1	4	0	895
83	家属区10			1
	1	7	1	770
84	西门			1
	0	1	1	950
85	北门		1
	1	1	1	485
86	东北门			1
	0	5	0	300
87	东门			1
	0	5	0	685
88	南门			1
	1	37	0	615	