2.0

8
95	165	1340	1	1	1
550	205	1305	2	1	1
790	250	1305	3	1	0.9
990	220	670	4	1	0.6
1200	220	670	5	1	1
1605	220	1340	6	1	0.8
1940	165	1340	7	1	1
1055	1080	1305	8	0	1

9	
175	90	1950	1	1	1
640	90	1950	2	1	1
1330	90	1950	3	1	1
395	540	1620	4	1	0.5
215	540	805	5	1	0.9
227	780	1620	6	1	0.8
950	780	1620	7	0	0.6	
1090	780	1950	8	0	0.7
1295	540	1060	9	0	0.8

32
1	快递站（基建处）		1
	1	2	0	210
2	运动场		2
	0	2	0	295
	0	2	0	510
3	学生公寓E区（D2区）	1
	1	5	1	715
4	学生公寓C区		1
	1	4	1	635
5	学生公寓B区		1
	0	2	1	510
6	学生公寓A区（生活服务区）	1
	1	2	0	710
7	学生公寓D1区		1
	0	3	0	460
8	学生公寓S2区		1
	0	3	0	775
9	学生公寓S3区		1
	0	3	0	880
10	学生公寓S4区		1
	0	3	0	960
11	学生公寓S5区		1
	0	3	0	1040
12	III区宿舍楼		1
	0	3	0	1154
13	信息楼			2
	1	2	1	620
	0	2	1	785
14	教工食堂			2
	0	4	0	315
	1	4	0	870
15	学生食堂			3
	0	3	1	440
	0	3	1	520
	0	4	0	470
16	公共教学楼		1
	0	3	1	800
17	南区食堂			1
	0	3	1	1190
18	医务室			1
	1	6	0	1080
19	综合办公楼		1
	1	4	0	1075
20	学生活动中心		3
	1	4	1	1080
	0	5	0	480
	1	2	0	1100
21	超市			1
	0	4	1	455
22	邮局（运营商）		1
	1	2	0	1030
23	图书馆			3
	1	4	0	1320
	0	5	1	430
	1	2	0	1340
24	东配楼			1
	1	4	0	1525
25	咖啡厅			1
	0	6	0	530
26	教学综合实验楼		3
	1	2	1	1370
	1	7	0	1370
	0	5	1	810
27	学院楼北			1
	0	6	1	400
28	教室楼S1			1
	0	6	1	735
29	实验楼S2，S3		1
	0	6	1	985
30	学院楼南			1
	0	6	1	1205
31	公交车站点			1
	0	1	0	770
32	校车站点			1
	1	2	0	1100